100 1211258
200 1294406
300 1356304
400 1223408
500 3187921
600 1107565
700 1491058
800 2246398
900 1436015
1000 1462575
1100 2261369
1200 1407248
1300 4235654
1400 4275456
1500 1377133
1600 1441996
1700 1535348
1800 2315581
1900 4618701
2000 1580487
2100 4469921
2200 2051533
2300 2133595
2400 1863972
2500 1465666
2600 1750142
2700 2742221
2800 1887553
2900 2223827
3000 1656558
3100 1952192
3200 1858615
3300 2057381
3400 3426163
3500 2829834
3600 4146600
3700 2674356
3800 3938335
3900 3103451
4000 3009428
4100 2753007
4200 2605279
4300 5429313
4400 8304513
4500 3980019
4600 4227006
4700 5343778
4800 5154700
4900 4495726
5000 5152555
5100 5068497
5200 3758589
5300 4701033
5400 3392398
5500 2762646
5600 4522093
5700 3175835
5800 8005043
5900 3096593
6000 6004022
6100 13873047
6200 3480680
6300 7176385
6400 7864725
6500 4438081
6600 4823779
6700 4087929
6800 5122246
6900 3512144
7000 4481968
7100 4739356
7200 5210163
7300 6661385
7400 4730125
7500 4355970
7600 5775455
7700 4682920
7800 6048051
7900 4720605
8000 4116746
8100 3790719
8200 4635685
8300 4726552
8400 6117185
8500 4160579
8600 5496905
8700 6019898
8800 6439232
8900 5654386
9000 8666412
9100 6853144
9200 5047018
9300 7173645
9400 6927431
9500 10160651
9600 4609030
9700 5351746
9800 4937573
9900 5510974
10000 6665973
10100 5958341
10200 5804515
10300 5574978
10400 5513060
10500 5595587
10600 8903289
10700 5636611
10800 7617184
10900 4970488
11000 5465323
11100 6532836
11200 5949359
11300 8157574
11400 5463916
11500 5308674
11600 8262566
11700 9071296
11800 5403082
11900 5998056
12000 6117121
12100 7323511
12200 5408339
12300 8567813
12400 8713493
12500 5163864
12600 7557016
12700 9876120
12800 9479514
12900 6020320
13000 7120492
13100 7057717
13200 6823865
13300 7678670
13400 7710023
13500 5955691
13600 7876790
13700 6455170
13800 11523624
13900 8699331
14000 8738087
14100 7741894
14200 7805585
14300 8845560
14400 10972559
14500 6327721
14600 7384155
14700 10542616
14800 7123603
14900 10332856
15000 6792099
15100 8396430
15200 6948625
15300 8813237
15400 7656636
15500 8443550
15600 7167182
15700 10576300
15800 8826695
15900 6836413
16000 7567627
16100 8679068
16200 8047430
16300 8131434
16400 7594788
16500 8021338
16600 7300863
16700 11036822
16800 7719528
16900 26408031
17000 8013932
17100 7945423
17200 8071166
17300 8766731
17400 7940249
17500 6729986
17600 6206429
17700 8872202
17800 9791822
17900 7708763
18000 17301554
18100 9672438
18200 8729691
18300 10261989
18400 8657722
18500 7935082
18600 8893242
18700 10867107
18800 8414715
18900 9769553
19000 9943177
19100 12603588
19200 11971830
19300 10931557
19400 11103222
19500 10194527
19600 11294899
19700 9254357
19800 12516461
19900 9485041
20000 7677374
20100 8465472
20200 8357506
20300 10648254
20400 9315681
20500 9210308
20600 8372071
20700 12510652
20800 11415508
20900 8975816
21000 7385703
21100 9689955
21200 10219487
21300 9610656
21400 9292165
21500 10769627
21600 12232465
21700 10772537
21800 9583517
21900 11932613
22000 8789184
22100 11522042
22200 10270475
22300 12621395
22400 11681693
22500 23069195
22600 10562403
22700 7652687
22800 6142741
22900 10019375
23000 10317095
23100 7477964
23200 8385950
23300 10051570
23400 9763257
23500 8042647
23600 7537418
23700 7399863
23800 7813803
23900 15892897
24000 7670863
24100 7321538
24200 9959524
24300 10123781
24400 11934172
24500 10200641
24600 10749017
24700 9693897
24800 11079327
24900 11205040
25000 10897335
25100 15126887
25200 12061049
25300 10615113
25400 10223102
25500 14870579
25600 11851964
25700 10244930
25800 8249997
25900 8250867
26000 9184077
26100 9745360
26200 10138274
26300 8666127
26400 8111730
26500 10265536
26600 6943316
26700 7816106
26800 6759923
26900 16231212
27000 10380569
27100 7299598
27200 9327288
27300 12064689
27400 11929056
27500 14633896
27600 13034802
27700 10432999
27800 13366811
27900 8776474
28000 14979380
28100 14555956
28200 12694585
28300 11964021
28400 13218816
28500 14282355
28600 11928398
28700 10471067
28800 12414327
28900 11200621
29000 12509596
29100 11573454
29200 9113647
29300 12192767
29400 9706079
29500 13637701
29600 11599020
29700 15451153
29800 11400974
29900 11883681
30000 14802134
30100 12032168
30200 13240053
30300 11729259
30400 14344856
30500 13411652
30600 12259139
30700 12447927
30800 14978862
30900 13139955
31000 15090208
31100 13877112
31200 12983624
31300 14567269
31400 8953600
31500 8331266
31600 9709478
31700 10212937
31800 10136272
31900 11686403
32000 9314767
32100 10006250
32200 9252322
32300 8570139
32400 16519936
32500 9799228
32600 10123184
32700 8794625
32800 10058620
32900 12542070
33000 11909404
33100 10451193
33200 13141949
33300 10831607
33400 11812607
33500 9305605
33600 13526923
33700 13222780
33800 10407643
33900 9472764
34000 12920666
34100 9233298
34200 10547865
34300 11448043
34400 10116986
34500 9029857
34600 10254930
34700 9240193
34800 13563050
34900 15400988
35000 30282030
35100 14419704
35200 11475388
35300 11009825
35400 9782048
35500 10556955
35600 12273266
35700 11114022
35800 13037344
35900 14514261
36000 10578774
36100 12767794
36200 14734824
36300 13221428
36400 13583773
36500 13862026
36600 11513254
36700 12639378
36800 13761230
36900 12460158
37000 12475477
37100 13886767
37200 14524466
37300 18403428
37400 24506583
37500 16091749
37600 15139290
37700 14591468
37800 23946716
37900 16571540
38000 17942332
38100 17816491
38200 15134067
38300 13306281
38400 10803056
38500 11419671
38600 16954946
38700 18446819
38800 14308672
38900 16822273
39000 13720246
39100 15630367
39200 13708942
39300 16562452
39400 16044140
39500 21353187
39600 13999052
39700 13314528
39800 15824736
39900 16054733
40000 12109323
40100 15890858
40200 14130058
40300 17210615
40400 14629761
40500 11489887
40600 14792938
40700 15772603
40800 12197503
40900 14764388
41000 10935645
41100 13100145
41200 12952230
41300 16588365
41400 18231827
41500 31774695
41600 18491248
41700 17512474
41800 15981561
41900 17764025
42000 17660086
42100 15613117
42200 15400500
42300 18852930
42400 16060066
42500 12855315
42600 14777674
42700 15987458
42800 17281180
42900 19101935
43000 17177768
43100 18630123
43200 17937743
43300 18458067
43400 16412580
43500 11336948
43600 15371343
43700 12572356
43800 15612248
43900 15947426
44000 14308538
44100 14003441
44200 17745049
44300 13591716
44400 17531829
44500 17466299
44600 11889404
44700 12139397
44800 14633648
44900 12478787
45000 15119998
45100 12619866
45200 12254802
45300 12914970
45400 13578746
45500 12669057
45600 11411983
45700 13676179
45800 13387221
45900 16481738
46000 13528442
46100 18239585
46200 19326235
46300 20073924
46400 19259291
46500 18962088
46600 21632708
46700 20722795
46800 19576314
46900 18678760
47000 14283369
47100 17123067
47200 15303268
47300 14511042
47400 13397618
47500 15268348
47600 17609871
47700 18988921
47800 21998753
47900 12806909
48000 13266798
48100 20293201
48200 20611795
48300 18234805
48400 19205187
48500 18243411
48600 18772446
48700 16496052
48800 16086125
48900 19668571
49000 18075857
49100 20503432
49200 27352534
49300 21359373
49400 19385609
49500 22838811
49600 14488424
49700 18109164
49800 20957862
49900 20750985
50000 20889259
50100 16098639
50200 19008036
50300 18943681
50400 21737755
50500 19325511
50600 10525139
50700 15475751
50800 18564439
50900 19880285
51000 19683637
51100 20581922
51200 13859944
51300 15126381
51400 16610121
51500 15832652
51600 16687349
51700 15981635
51800 13422007
51900 19469875
52000 20572413
52100 21976571
52200 21318291
52300 21858006
52400 19851327
52500 21526635
52600 21527170
52700 28186423
52800 15431485
52900 14871706
53000 19651117
53100 22357654
53200 20716358
53300 14618622
53400 17548096
53500 15247301
53600 16236248
53700 21555173
53800 21471401
53900 20991629
54000 21756713
54100 22119131
54200 20981006
54300 19668698
54400 13802513
54500 16231375
54600 14859886
54700 19748759
54800 20930245
54900 21833951
55000 24362686
55100 22762277
55200 23240125
55300 23805232
55400 25347500
55500 23347293
55600 21889145
55700 24094531
55800 19892759
55900 16905780
56000 13691097
56100 16428728
56200 21344726
56300 16445134
56400 16557862
56500 15764877
56600 21444956
56700 26387181
56800 23805766
56900 22350665
57000 24999798
57100 21453430
57200 21901841
57300 23433255
57400 21887165
57500 23467092
57600 29144820
57700 22362723
57800 22671549
57900 22070045
58000 23045116
58100 19525403
58200 20065878
58300 20838386
58400 16790459
58500 19521490
58600 19482401
58700 25079197
58800 22638980
58900 22266503
59000 23308349
59100 24430660
59200 22677972
59300 25826152
59400 23503657
59500 24622145
59600 22479462
59700 23132210
59800 15502446
59900 15843410
60000 20359896
60100 18127008
60200 21200815
60300 19816523
60400 25691153
60500 22629688
60600 23754308
60700 23120488
60800 25550082
60900 28722567
61000 25573921
61100 23018536
61200 20862415
61300 18096221
61400 23121902
61500 15731660
61600 20098696
61700 24210068
61800 20768932
61900 20522256
62000 24245548
62100 25257376
62200 19786872
62300 23903782
62400 24745149
62500 30426522
62600 23228978
62700 24928735
62800 24838074
62900 25018784
63000 25765927
63100 22405612
63200 18729786
63300 16592654
63400 23595244
63500 24967228
63600 26991991
63700 24232551
63800 27454076
63900 26002069
64000 31197739
64100 25602404
64200 24602935
64300 24701662
64400 25597062
64500 25241442
64600 26464933
64700 27979802
64800 24830471
64900 18723479
65000 24365853
65100 23852302
65200 18579395
65300 21553839
65400 18150495
65500 24222487
65600 25378758
65700 21385757
65800 21666632
65900 30402771
66000 25757337
66100 26821103
66200 24684596
66300 29155958
66400 24291134
66500 25503583
66600 31356195
66700 26885104
66800 24861784
66900 28666482
67000 27813632
67100 26969739
67200 23975879
67300 26867978
67400 34037970
67500 32791561
67600 29983086
67700 27936153
67800 32813533
67900 28864957
68000 32977345
68100 40702637
68200 31429819
68300 27913611
68400 31119203
68500 32416485
68600 22796720
68700 23210927
68800 21326325
68900 25644066
69000 21019738
69100 24223653
69200 27435895
69300 30095107
69400 33012062
69500 34924819
69600 30252640
69700 29953717
69800 31725908
69900 28732180
70000 19101869
70100 27239203
70200 19980378
70300 23892974
70400 28088878
70500 32460899
70600 24908161
70700 27271592
70800 34688575
70900 32988130
71000 32030736
71100 27225701
71200 34423851
71300 26795275
71400 20220796
71500 24477034
71600 28612766
71700 50450377
71800 29553838
71900 26025747
72000 36102277
72100 27294185
72200 25441201
72300 24973004
72400 28201692
72500 26478423
72600 28862892
72700 27250175
72800 59319821
72900 44363143
73000 24576060
73100 23052676
73200 28308735
73300 25127022
73400 38617628
73500 29220528
73600 29424631
73700 33451760
73800 22055530
73900 26296267
74000 17026184
74100 89543013
74200 30492731
74300 34610179
74400 45603995
74500 31278561
74600 39580032
74700 62641378
74800 28513480
74900 33156450
75000 30788434
75100 27172492
75200 25234621
75300 30592285
75400 25444541
75500 21744777
75600 21581266
75700 30182473
75800 30452126
75900 30911781
76000 38302880
76100 28067258
76200 29262368
76300 25254281
76400 27219985
76500 21624239
76600 28839253
76700 27815649
76800 27686439
76900 20605154
77000 23153569
77100 21929825
77200 18754081
77300 26932964
77400 25858306
77500 29467024
77600 25571472
77700 21348153
77800 24819750
77900 25676568
78000 32204294
78100 33069128
78200 29953993
78300 32421221
78400 21411762
78500 22874882
78600 31367957
78700 21880084
78800 28551232
78900 27540906
79000 23204381
79100 24881665
79200 28583454
79300 28141148
79400 26264430
79500 31562704
79600 31340514
79700 29666786
79800 33086345
79900 29939539
80000 35070393
80100 32667813
80200 33137137
80300 27288083
80400 22135863
80500 31928680
80600 32852030
80700 33994115
80800 33362963
80900 33983826
81000 24161830
81100 26713896
81200 26760228
81300 31755433
81400 34056315
81500 28845286
81600 29372912
81700 30979265
81800 31912902
81900 30134433
82000 29822404
82100 29577764
82200 20819414
82300 28444904
82400 60849189
82500 23526610
82600 39905543
82700 37906265
82800 35861731
82900 38046103
83000 34437871
83100 31028299
83200 28306917
83300 28002229
83400 28646382
83500 31564055
83600 33982727
83700 34921120
83800 31303398
83900 23400289
84000 31250224
84100 32090529
84200 34017369
84300 31667749
84400 34520415
84500 38401121
84600 53095575
84700 29122859
84800 33723984
84900 28714828
85000 29706020
85100 22264178
85200 36008630
85300 30574941
85400 19766190
85500 31108357
85600 44663719
85700 28873305
85800 34909097
85900 41435320
86000 28574330
86100 51264647
86200 38002153
86300 39312547
86400 47691079
86500 31743520
86600 24168663
86700 43157990
86800 24976759
86900 28295710
87000 30475151
87100 52701528
87200 51075524
87300 25116754
87400 37134892
87500 48973849
87600 77518808
87700 35160615
87800 26865432
87900 25057381
88000 72750933
88100 28434754
88200 30132953
88300 44008318
88400 40909904
88500 29307337
88600 37378835
88700 37319584
88800 37660578
88900 37464224
89000 37358485
89100 36657298
89200 51152452
89300 46307380
89400 48374492
89500 27746113
89600 37681645
89700 38365126
89800 42752048
89900 27728391
90000 32044873
90100 36319390
90200 37153016
90300 37223004
90400 39192479
90500 35554314
90600 35282032
90700 30122611
90800 36694691
90900 27087932
91000 41351716
91100 30742485
91200 74084025
91300 48619832
91400 42276203
91500 40394247
91600 42959345
91700 34130072
91800 38420749
91900 42128626
92000 28636119
92100 34967032
92200 34418972
92300 41682900
92400 35693467
92500 31681842
92600 33464657
92700 31757435
92800 34159095
92900 36468405
93000 34700336
93100 30044399
93200 35863235
93300 30821684
93400 31521326
93500 46567409
93600 36737168
93700 43621723
93800 28363425
93900 50165363
94000 36288781
94100 38243034
94200 43585560
94300 41508239
94400 32028223
94500 43818893
94600 48296827
94700 53249308
94800 38503602
94900 41797728
95000 35265982
95100 52030478
95200 39106121
95300 28778616
95400 29487911
95500 40037898
95600 33648139
95700 28899143
95800 32662849
95900 25513382
96000 39344906
96100 46178395
96200 44374486
96300 39313878
96400 40574464
96500 58873984
96600 88167109
96700 63977802
96800 46082171
96900 52929947
97000 41429081
97100 32803461
97200 32164829
97300 24415728
97400 35228412
97500 32752525
97600 34507328
97700 38280176
97800 49495905
97900 27114029
98000 21162886
98100 81974104
98200 40054546
98300 47290014
98400 40717245
98500 38980808
98600 40465549
98700 39310587
98800 29768731
98900 34787574
99000 41832524
99100 46877985
99200 37415341
99300 39271966
99400 40387070
99500 40250182
99600 40280899
99700 36630502
99800 61233360
99900 35704244
