100 148885006
200 1308495
300 2685678
400 1361223
500 3296038
600 3093116
700 1259221
800 1486548
900 2318751
1000 1742658
1100 1608979
1200 6434209
1300 2078052
1400 1998369
1500 2255470
1600 5066652
1700 7459519
1800 2106946
1900 4313685
2000 2679670
2100 2192440
2200 5400931
2300 2469595
2400 7726162
2500 3332682
2600 3078467
2700 5958969
2800 3323448
2900 10038803
3000 5407836
3100 7386723
3200 7435430
3300 7489323
3400 4164062
3500 7192796
3600 4243555
3700 9515282
3800 3948247
3900 8528694
4000 12429679
4100 4210053
4200 7080063
4300 12926588
4400 6126662
4500 8521491
4600 11453038
4700 8249752
4800 5746623
4900 7292183
5000 8339193
5100 9380583
5200 9109369
5300 7573926
5400 8408019
5500 9191576
5600 8345918
5700 12457923
5800 8935519
5900 8725054
6000 7964386
6100 7869010
6200 8549417
6300 10489130
6400 10221072
6500 12745531
6600 10381204
6700 11639080
6800 13755188
6900 10683770
7000 7829135
7100 12922584
7200 10021848
7300 7577754
7400 8295677
7500 14252865
7600 10275050
7700 9979505
7800 10002624
7900 10683935
8000 9179432
8100 10723565
8200 9309968
8300 8429152
8400 9120380
8500 9459947
8600 9568689
8700 10335275
8800 12613370
8900 11515423
9000 11217676
9100 12213044
9200 12017861
9300 11528252
9400 12532249
9500 11755525
9600 14939706
9700 13303188
9800 14036039
9900 13917528
10000 13095183
10100 14653750
10200 16067436
10300 19440659
10400 14904820
10500 13527961
10600 17305634
10700 16819602
10800 14576247
10900 15542288
11000 16196836
11100 15403855
11200 15745338
11300 17073051
11400 16841227
11500 14411081
11600 16814611
11700 16513481
11800 15039375
11900 16520538
12000 15021264
12100 14759890
12200 18171864
12300 15809753
12400 15917265
12500 16056172
12600 17753248
12700 18571679
12800 21307229
12900 16975748
13000 18448550
13100 22282321
13200 19448611
13300 17651393
13400 19932355
13500 19063182
13600 18724849
13700 16684342
13800 23212469
13900 22534254
14000 20461613
14100 22206853
14200 23605112
14300 22926403
14400 23284088
14500 25610084
14600 31624275
14700 24266044
14800 17841476
14900 22413637
15000 18970702
15100 18137425
15200 16559382
15300 23004051
15400 22154423
15500 27536436
15600 25019392
15700 27597447
15800 23561191
15900 19222943
16000 19435453
16100 22666377
16200 20799298
16300 18729409
16400 20723847
16500 23232500
16600 18298694
16700 23553380
16800 24500787
16900 24477989
17000 21945195
17100 19257185
17200 17351645
17300 20053687
17400 22354581
17500 18366389
17600 19741571
17700 16004684
17800 24012676
17900 21645661
18000 18351712
18100 22259658
18200 20727773
18300 25115936
18400 22864103
18500 27543289
18600 26248644
18700 21159946
18800 30983235
18900 26952225
19000 24603420
19100 24538099
19200 32098556
19300 28299876
19400 31742899
19500 30084039
19600 26958873
19700 31529493
19800 28721430
19900 31084701
20000 32383047
20100 23444751
20200 28948830
20300 31671668
20400 34493780
20500 26984552
20600 26202484
20700 27062000
20800 29910553
20900 31835937
21000 31557258
21100 27533675
21200 27866481
21300 28115369
21400 27794693
21500 32656909
21600 24015363
21700 31307340
21800 31762761
21900 31907638
22000 35774268
22100 26717705
22200 28609720
22300 32105912
22400 46579172
22500 42426070
22600 30266332
22700 30726754
22800 24473285
22900 28168989
23000 27575818
23100 32244006
23200 33314884
23300 35564883
23400 26241943
23500 35559290
23600 30673759
23700 32580128
23800 31211119
23900 30195095
24000 26075517
24100 26419068
24200 31843309
24300 33944372
24400 30235784
24500 26017409
24600 29885862
24700 32459531
24800 32030942
24900 30814494
25000 34154649
25100 29770750
25200 29995276
25300 32764786
25400 30309640
25500 31893107
25600 36501828
25700 36611404
25800 36732640
25900 38253561
26000 27208175
26100 35709873
26200 28315979
26300 36138112
26400 29793958
26500 29338322
26600 25898654
26700 30337176
26800 34592965
26900 29820347
27000 31298170
27100 25363498
27200 34305321
27300 33665826
27400 35175285
27500 41130271
27600 44905591
27700 36785761
27800 33323238
27900 32461992
28000 37680216
28100 35360613
28200 35096465
28300 31210723
28400 42313918
28500 56394882
28600 36677534
28700 36916000
28800 39980912
28900 45149403
29000 38303340
29100 37297713
29200 36443136
29300 40992720
29400 35168195
29500 36633233
29600 39664500
29700 37645987
29800 39003049
29900 37724046
30000 41716229
30100 35950374
30200 39894428
30300 45388600
30400 43699580
30500 38747941
30600 41453753
30700 38326735
30800 40629850
30900 44278663
31000 45102084
31100 38493332
31200 43662127
31300 44203472
31400 39559053
31500 36005170
31600 35322200
31700 37673910
31800 32234772
31900 38542266
32000 32981906
32100 34640793
32200 38094364
32300 33737090
32400 32446815
32500 38615603
32600 34925748
32700 37909845
32800 35795068
32900 37323378
33000 35113167
33100 39072052
33200 34085765
33300 43401046
33400 35423356
33500 36125600
33600 40509440
33700 31003199
33800 35672579
33900 34576478
34000 40962381
34100 35233849
34200 33822795
34300 33537064
34400 36249308
34500 33454118
34600 35568449
34700 35252626
34800 36758341
34900 34342037
35000 38204422
35100 34631069
35200 40921460
35300 36766755
35400 34764695
35500 32304809
35600 36419323
35700 37522606
35800 40837063
35900 40348026
36000 44157004
36100 44853824
36200 45253770
36300 45815056
36400 51782383
36500 45375801
36600 41965755
36700 43931704
36800 43020232
36900 44882017
37000 42385329
37100 45020988
37200 50063048
37300 48203933
37400 48068388
37500 57568387
37600 39109535
37700 57216022
37800 53283412
37900 57285751
38000 47223041
38100 62961281
38200 48386127
38300 49092240
38400 48795155
38500 42981530
38600 62545517
38700 67583416
38800 49586502
38900 56119142
39000 49113876
39100 55980403
39200 62128785
39300 72660360
39400 63142975
39500 57360540
39600 77269479
39700 68704102
39800 41462527
39900 56252018
40000 59452970
40100 54664251
40200 58227835
40300 58806638
40400 59206317
40500 56530207
40600 47459358
40700 55835643
40800 68008984
40900 57295227
41000 58753764
41100 57333173
41200 50300785
41300 58965472
41400 58485347
41500 57290641
41600 58076108
41700 58463439
41800 69811855
41900 55749884
42000 64926315
42100 56197746
42200 54601643
42300 53443432
42400 55748854
42500 58722604
42600 57122699
42700 53018126
42800 57298033
42900 67284360
43000 56370369
43100 55612308
43200 51891431
43300 55381613
43400 59135274
43500 55531746
43600 52543851
43700 51294995
43800 64027910
43900 53316552
44000 60521981
44100 49605524
44200 49102275
44300 59005037
44400 56079667
44500 51282662
44600 51400188
44700 54871346
44800 53527588
44900 58099517
45000 60036104
45100 57372723
45200 56620693
45300 51962795
45400 57007629
45500 59930877
45600 76675813
45700 59627925
45800 52686287
45900 57194934
46000 54223240
46100 59523080
46200 63110344
46300 55882339
46400 60152091
46500 54033319
46600 56073447
46700 63911355
46800 61328822
46900 57826405
47000 59155466
47100 52599903
47200 61415477
47300 57838106
47400 51333633
47500 56343730
47600 55724608
47700 56594977
47800 56966091
47900 59833108
48000 56945032
48100 54273725
48200 59836233
48300 62386581
48400 58227673
48500 55235074
48600 70938696
48700 54980070
48800 61006943
48900 60999253
49000 63839081
49100 60740071
49200 59910659
49300 62765704
49400 66379931
49500 62538143
49600 52577893
49700 58467649
49800 79859274
49900 58854123
50000 68738927
50100 65610221
50200 62181794
50300 51810058
50400 52874040
50500 56539707
50600 62026861
50700 62326540
50800 52794107
50900 62745005
51000 63870843
51100 68667974
51200 68455667
51300 61754145
51400 66470346
51500 64944182
51600 63162993
51700 66084078
51800 62660368
51900 67906374
52000 57475865
52100 65776262
52200 60755481
52300 66565417
52400 62106716
52500 69880968
52600 63447193
52700 61982573
52800 66049886
52900 62118756
53000 56154170
53100 70591153
53200 65440548
53300 62288395
53400 51504796
53500 60740005
53600 63631585
53700 61099023
53800 58888046
53900 59941246
54000 63427359
54100 60990043
54200 61427853
54300 53770117
54400 62333238
54500 65967510
54600 60527499
54700 64766550
54800 67124753
54900 67756031
55000 62084900
55100 65367449
55200 69444421
55300 63841949
55400 62589046
55500 61748701
55600 64122084
55700 60766249
55800 62603615
55900 56144860
56000 91655557
56100 130318645
56200 53726970
56300 64823641
56400 59197414
56500 63683136
56600 80820810
56700 71568142
56800 63439858
56900 63911952
57000 72719419
57100 63500163
57200 62704425
57300 63035849
57400 72944970
57500 61771117
57600 66437603
57700 69939293
57800 80889541
57900 72134313
58000 63881508
58100 65541940
58200 65131560
58300 71051657
58400 66898331
58500 53646715
58600 73770380
58700 71972696
58800 67991317
58900 63865612
59000 65331991
59100 70768125
59200 73709420
59300 63854081
59400 62736144
59500 70338352
59600 64157915
59700 64154719
59800 64209904
59900 63963334
60000 63440282
60100 67365465
60200 65072931
60300 63017094
60400 70377948
60500 73112198
60600 79399764
60700 71089779
60800 71199897
60900 73461603
61000 70760080
61100 69655596
61200 64773540
61300 61318572
61400 68667690
61500 54605645
61600 63844201
61700 67967929
61800 71771930
61900 57924775
62000 73430420
62100 73515265
62200 72886241
62300 69446183
62400 66431896
62500 69558712
62600 70680732
62700 69366636
62800 75936389
62900 83872393
63000 71661800
63100 52473477
63200 67254891
63300 73790055
63400 72973400
63500 69268890
63600 71597796
63700 78358720
63800 79490805
63900 75542117
64000 77678461
64100 70304515
64200 68735093
64300 71428463
64400 80807101
64500 71655840
64600 70539030
64700 72512594
64800 75710643
64900 71599591
65000 67735367
65100 63314047
65200 68841030
65300 73683985
65400 72481607
65500 70762878
65600 69149341
65700 75351969
65800 72478971
65900 78370562
66000 72501873
66100 69110283
66200 73684510
66300 75720914
66400 69827574
66500 89074444
66600 75624240
66700 73080976
66800 71009549
66900 67549249
67000 80999381
67100 76267317
67200 79416070
67300 73906594
67400 84723323
67500 93180975
67600 96311611
67700 80773729
67800 95069585
67900 78889303
68000 80869240
68100 99084892
68200 77622111
68300 81224731
68400 115623437
68500 117993031
68600 69068472
68700 83060991
68800 83053316
68900 86559913
69000 88251084
69100 77284290
69200 84607157
69300 187461120
69400 119793096
69500 104778111
69600 145033146
69700 90714758
69800 77707580
69900 90629022
70000 83709669
70100 86987673
70200 78294968
70300 86090976
70400 72802743
70500 84134494
70600 157963124
70700 80633737
70800 122325426
70900 106124690
71000 108047089
71100 77992738
71200 97830789
71300 108207729
71400 65248001
71500 82439961
71600 77942069
71700 73088942
71800 83068923
71900 80784293
72000 122047272
72100 121779754
72200 128749101
72300 113001778
72400 73406721
72500 101977236
72600 72510222
72700 102766559
72800 117575356
72900 87462499
73000 73484880
73100 79042098
73200 149324239
73300 97485565
73400 106617079
73500 101365484
73600 79125150
73700 115416745
73800 121425316
73900 106284423
74000 76918964
74100 72619569
74200 84920273
74300 158313973
74400 122363932
74500 92990468
74600 119219289
74700 78875388
74800 85110915
74900 133932933
75000 114767438
75100 83083863
75200 73967303
75300 67777822
75400 79944336
75500 78611564
75600 74803231
75700 93432668
75800 82528784
75900 85443152
76000 89443719
76100 76328896
76200 90511488
76300 85498048
76400 88198847
76500 79443287
76600 77662340
76700 68218560
76800 75248352
76900 76212981
77000 72641699
77100 88144283
77200 88878473
77300 73305879
77400 100135472
77500 92329478
77600 83339942
77700 89262953
77800 96942327
77900 87800820
78000 106106709
78100 107626470
78200 105658102
78300 108438466
78400 104127928
78500 91468946
78600 106527526
78700 107063326
78800 89597895
78900 98290663
79000 87918328
79100 104935257
79200 89056786
79300 103729815
79400 105560844
79500 98981468
79600 96222459
79700 95746522
79800 107051142
79900 106118363
80000 102819320
80100 97390057
80200 122825549
80300 104416354
80400 85294494
80500 95999787
80600 108580438
80700 141768716
80800 157786786
80900 142085777
81000 120132409
81100 112660746
81200 91361288
81300 193702265
81400 136198187
81500 155239067
81600 144604387
81700 113095743
81800 119152531
81900 97167579
82000 121406400
82100 111819204
82200 122822568
82300 83732585
82400 114939150
82500 97983447
82600 131524900
82700 128042815
82800 114869146
82900 103541196
83000 135648668
83100 197737239
83200 145332410
83300 88645391
83400 120551462
83500 108893892
83600 110458085
83700 142439898
83800 164433050
83900 93663228
84000 82792254
84100 114187189
84200 114712329
84300 107106339
84400 104537111
84500 228860775
84600 149570153
84700 144803415
84800 186362871
84900 94186963
85000 127734523
85100 96212098
85200 140040960
85300 110483450
85400 125756238
85500 130769178
85600 119234406
85700 184519392
85800 105053476
85900 113215824
86000 126377246
86100 112334916
86200 152780987
86300 295163506
86400 117987862
86500 117275357
86600 92079748
86700 153072827
86800 109971561
86900 105016400
87000 91328900
87100 113211821
87200 108977109
87300 136477960
87400 116099583
87500 219183232
87600 123630686
87700 178106222
87800 121169818
87900 110916866
88000 102848876
88100 90253683
88200 107666591
88300 134242064
88400 161451872
88500 112232836
88600 150539000
88700 168038446
88800 170152242
88900 125264339
89000 124503463
89100 118716476
89200 118535690
89300 186353304
89400 141818259
89500 113963317
89600 110329002
89700 114354854
89800 131503814
89900 110318176
90000 176911473
90100 107118341
90200 121794824
90300 112385457
90400 113117794
90500 118409658
90600 110793978
90700 134079787
90800 168029860
90900 107609507
91000 112500052
91100 123454525
91200 95109967
91300 363091413
91400 177535532
91500 161733402
91600 138771722
91700 149057601
91800 128992741
91900 128367943
92000 126806618
92100 103996205
92200 153418552
92300 256251818
92400 122188029
92500 98080945
92600 110597309
92700 126739520
92800 108572158
92900 112917480
93000 139494885
93100 140984893
93200 167063407
93300 120012434
93400 139532547
93500 159174113
93600 117216809
93700 125343280
93800 271148794
93900 181931590
94000 168626045
94100 124399368
94200 126920743
94300 188997255
94400 297756102
94500 162543391
94600 105337535
94700 269600125
94800 155814085
94900 125138492
95000 172426889
95100 287052158
95200 115839723
95300 114525915
95400 128722117
95500 145502644
95600 120115532
95700 132038315
95800 117728324
95900 113590247
96000 122881325
96100 133136951
96200 176318348
96300 185642245
96400 123063872
96500 259533101
96600 255208790
96700 173926119
96800 277878899
96900 122386018
97000 215628243
97100 127580055
97200 154084954
97300 101174082
97400 90204552
97500 98565659
97600 142166701
97700 195436681
97800 119533845
97900 142269611
98000 187986128
98100 245673316
98200 301322124
98300 225542831
98400 171305195
98500 132408722
98600 133370415
98700 120136627
98800 143090955
98900 101461354
99000 117057929
99100 190631219
99200 112236474
99300 122560450
99400 124078417
99500 124219128
99600 129566281
99700 127031443
99800 112569520
99900 162289449
